n: 1000
nsteps: 4000
fsteps: 10
c: 0.340290
dt: 0.002353
dx: 0.001001
CFL condition satisfied: 1
nproc: 1
Elapsed time: 0.180107 s
